1920 2 24 7 39 14 0 112
1920 4 26 0 32 33 0 926
1920 7 5 18 8 7 1 216
1920 8 11 6 17 40 1 710
1920 12 28 12 53 1 1 822
1921 1 10 4 33 51 0 567
1921 1 27 20 22 46 1 757
1921 2 20 1 19 21 0 884
1921 4 3 6 32 47 1 329
1921 5 10 0 9 33 1 826
1921 5 16 4 38 37 0 810
1921 8 29 13 13 40 0 161
1921 9 24 2 38 55 0 279
1922 1 2 22 46 26 1 473
1922 4 5 1 19 51 1 709
1922 4 9 0 58 43 1 347
1922 12 2 10 19 8 0 632
1922 12 8 8 44 53 0 406
1923 2 25 0 26 13 0 354
1923 6 22 23 10 46 0 327
1923 8 6 3 34 25 1 342
1923 9 28 3 34 42 0 477
1923 11 15 3 59 2 1 869
1923 12 14 9 51 4 1 561
1923 12 24 18 28 12 0 816
1924 1 17 7 4 5 1 861
1924 2 28 17 21 9 1 370
1924 3 7 15 51 53 1 847
1924 4 16 21 56 24 0 913
1924 4 22 19 2 7 0 234
1924 5 22 5 41 1 0 407
1924 6 9 13 59 15 0 815
1924 7 4 7 36 19 0 923
1924 9 3 8 20 36 0 710
1924 9 14 22 19 31 0 463
1924 11 22 2 24 10 1 398
1924 11 24 1 50 13 0 221
1925 1 7 7 37 0 1 500
1925 1 27 17 38 15 0 675
1925 2 12 15 59 14 0 322
1925 4 27 17 32 54 0 571
1925 5 10 13 13 3 0 969
1925 5 14 23 43 8 0 464
1925 5 18 5 14 38 1 937
1925 6 4 1 55 14 0 534
1925 6 8 2 7 22 1 449
1925 7 1 21 1 16 0 845
1925 8 2 23 40 11 1 815
1925 9 8 13 45 21 1 731
1925 11 17 23 56 24 1 931
1925 11 25 14 2 29 0 658
1925 12 10 9 17 25 1 777
1926 1 9 3 33 45 0 604
1926 4 5 4 24 23 0 660
1926 6 9 17 13 48 0 813
1926 6 15 7 3 16 1 881
1926 11 27 13 14 7 0 531
1926 12 12 11 35 21 0 833
1927 1 22 20 19 48 1 199
1927 2 4 3 9 25 0 208
1927 2 7 17 1 14 0 848
1927 2 18 11 10 33 1 516
1927 3 7 3 3 37 0 285
1927 3 18 2 33 27 0 532
1927 6 17 4 25 45 1 251
1927 7 21 13 17 44 1 443
1927 9 20 5 0 43 0 189
1927 10 23 5 38 32 0 778
1927 10 23 22 35 16 1 401
1927 10 28 4 21 21 1 845
1927 12 11 23 40 22 0 881
1927 12 23 18 31 21 0 104
1928 3 17 10 26 41 0 573
1928 9 16 0 50 34 0 242
1928 10 23 16 4 12 1 946
1928 11 7 17 58 20 1 377
1928 12 2 17 43 23 1 754
1928 12 7 4 21 21 1 573
1929 1 8 5 11 49 1 709
1929 3 1 7 20 19 1 122
1929 3 5 16 15 26 0 155
1929 3 29 7 17 4 1 522
1929 5 2 22 53 29 1 323
1929 5 20 5 46 33 1 502
1929 6 3 6 59 3 1 225
1929 6 6 12 54 15 0 462
1929 7 15 11 0 58 1 318
1929 7 29 2 50 26 1 213
1929 8 4 12 5 2 0 119
1929 10 1 13 45 26 1 281
1929 10 23 8 58 20 0 576
1929 10 25 20 31 47 0 764
1929 10 27 8 45 58 1 451
1929 11 28 2 55 55 1 151
1930 1 2 20 59 35 1 378
1930 1 9 2 2 37 1 983
1930 1 23 18 4 1 0 872
1930 4 5 15 7 13 1 481
1930 5 16 4 12 13 0 833
1930 6 2 7 58 37 0 443
1930 8 16 20 42 55 0 278
1930 9 5 10 44 19 0 138
1931 2 1 5 51 47 1 139
1931 2 16 14 20 47 1 612
1931 3 26 23 58 17 1 512
1931 4 27 5 22 54 0 612
1931 7 4 7 29 49 0 748
1931 9 5 3 44 56 0 330
1931 10 3 8 11 32 0 116
1931 11 19 8 41 40 0 239
1931 12 19 7 55 16 0 539
1932 3 22 6 27 10 1 283
1932 4 3 13 31 49 1 666
1932 4 14 23 43 55 1 514
1932 5 24 13 28 48 0 566
1932 5 27 0 43 40 1 401
1932 8 16 21 30 33 0 340
1932 11 17 11 17 0 0 411
1932 12 2 1 4 44 1 491
1932 12 13 17 43 48 1 766
1933 1 7 15 17 7 1 692
1933 3 8 18 47 56 0 714
1933 4 24 8 51 48 0 458
1933 5 14 3 17 45 1 743
1933 5 26 21 48 8 0 641
1933 5 28 22 6 27 1 471
1933 6 1 3 51 2 0 477
1933 8 7 8 5 48 1 701
1933 9 19 21 21 17 0 716
1933 10 13 15 48 40 0 803
1933 11 7 11 20 12 1 900
1933 12 22 20 12 56 1 280
1934 1 20 3 7 33 1 275
1934 2 10 13 53 4 1 383
1934 4 13 10 1 42 1 525
1934 4 26 12 8 39 1 186
1934 5 19 2 16 13 0 527
1934 6 16 14 6 31 0 165
1934 8 7 18 44 38 0 677
1934 10 18 17 33 24 1 899
1934 10 26 21 49 44 1 832
1934 12 18 22 10 1 0 524
1934 12 21 21 35 51 1 371
1935 1 4 2 31 46 1 574
1935 6 9 7 45 54 1 155
1935 8 22 9 51 48 0 766
1935 9 17 7 50 42 1 139
1935 12 9 15 48 25 0 796
1936 1 23 15 37 6 1 947
1936 6 21 14 33 46 0 384
1936 6 21 20 48 58 0 458
1936 8 6 19 12 16 0 306
1936 9 3 21 20 28 1 935
1936 10 12 11 29 16 0 654
1936 11 9 14 54 42 1 793
1936 12 21 6 37 22 0 543
1937 2 1 14 11 20 0 643
1937 2 1 22 19 26 1 928
1937 2 21 22 38 5 1 140
1937 2 28 20 15 26 0 326
1937 7 24 4 26 55 1 829
1937 8 1 22 43 1 0 811
1937 11 27 20 53 23 1 328
1937 11 28 11 44 32 0 270
1937 12 2 13 12 54 1 923
1937 12 5 9 40 37 1 657
1937 12 26 18 27 34 0 669
1938 1 7 9 20 58 1 935
1938 2 11 9 23 1 1 830
1938 3 13 1 58 12 1 620
1938 4 12 10 42 44 1 792
1938 4 14 20 4 36 1 347
1938 4 21 3 3 42 1 747
1938 6 2 3 32 38 1 725
1938 6 14 10 10 21 1 118
1938 8 9 4 28 42 0 881
1938 8 22 3 25 6 0 582
1938 10 24 2 8 2 0 686
1938 12 27 16 57 40 0 369
1939 1 16 1 14 41 0 389
1939 1 28 10 9 21 1 189
1939 3 4 23 37 5 0 446
1939 5 22 1 28 18 1 119
1939 9 10 6 50 3 0 553
1939 11 16 11 36 16 0 686
1939 12 28 13 23 58 0 211
1940 1 5 20 40 36 0 771
1940 2 1 20 8 0 0 583
1940 2 13 21 13 9 1 604
1940 4 7 10 45 17 1 359
1940 8 2 8 7 12 0 498
1940 9 2 5 29 22 1 210
1940 11 23 15 1 33 1 583
1940 12 3 20 22 7 1 753
1940 12 19 13 17 52 0 565
1941 1 3 7 46 12 0 425
1941 1 12 22 18 57 0 775
1941 2 12 14 26 4 1 544
1941 2 21 2 5 13 0 569
1941 3 4 21 20 12 1 355
1941 5 17 21 59 48 1 442
1941 6 29 16 24 53 0 235
1941 8 1 1 4 9 0 968
1941 8 16 23 37 29 1 627
1941 9 22 13 51 8 0 920
1941 9 22 14 7 35 1 627
1941 10 18 3 22 8 1 744
1942 1 28 17 15 11 1 249
1942 3 26 21 21 15 0 286
1942 4 6 11 59 10 0 864
1942 6 6 13 38 8 0 143
1942 10 1 14 32 1 0 180
1942 10 14 11 29 48 1 897
1942 11 2 15 8 42 1 854
1942 11 12 16 26 36 1 651
1943 1 9 22 40 7 1 217
1943 1 27 10 37 49 1 739
1943 2 7 7 47 59 1 452
1943 4 8 1 52 32 0 970
1943 4 25 8 37 43 1 273
1943 7 20 23 39 8 0 430
1943 8 10 11 18 34 0 948
1943 8 21 18 55 43 1 103
1943 9 22 14 35 31 0 308
1943 11 19 18 17 59 1 719
1943 11 20 18 19 44 0 180
1944 1 12 3 23 24 0 556
1944 1 19 1 38 19 1 328
1944 1 23 10 55 26 0 822
1944 2 26 14 47 22 1 341
1944 6 18 20 49 2 0 730
1944 7 5 8 57 33 1 692
1944 7 8 1 25 31 1 359
1944 8 19 5 15 33 0 829
1944 12 21 7 33 5 1 308
1945 3 28 20 54 20 0 894
1945 4 13 11 55 40 1 465
1945 5 24 12 35 53 1 333
1945 6 26 8 15 22 1 878
1945 8 6 22 3 9 1 552
1945 9 4 14 31 42 0 159
1945 9 12 18 18 55 0 882
1945 9 21 0 21 19 0 119
1945 10 18 23 20 25 1 600
1946 2 5 11 17 20 1 155
1946 2 10 17 40 41 1 232
1946 5 3 4 35 11 1 965
1946 5 16 14 8 50 0 182
1946 6 15 5 7 56 0 734
1946 6 28 0 53 12 1 506
1946 7 17 8 50 44 0 283
1946 8 16 1 51 50 0 814
1946 11 13 11 27 22 0 420
1946 12 23 12 22 21 1 793
1947 4 26 5 16 2 0 209
1947 5 28 3 45 15 0 304
1947 7 20 14 56 11 0 438
1947 7 23 12 14 51 0 687
1947 7 29 5 0 37 1 512
1947 8 25 19 11 15 0 130
1947 10 26 11 23 27 0 775
1947 11 14 21 54 48 1 679
1948 1 2 2 59 12 0 214
1948 2 14 1 27 19 1 584
1948 4 1 2 1 21 0 354
1948 4 10 16 41 31 0 870
1948 6 16 5 30 13 1 698
1948 7 10 9 39 44 1 593
1948 9 5 21 17 49 0 235
1948 9 6 12 26 36 1 500
1948 9 23 16 53 33 1 425
1948 10 27 18 29 57 0 387
1948 12 18 5 45 0 0 881
1949 1 6 7 6 55 1 464
1949 1 13 7 36 32 1 798
1949 1 22 7 22 14 1 279
1949 2 10 16 0 7 1 288
1949 5 10 8 34 47 1 297
1949 6 23 10 46 21 0 706
1949 7 7 15 31 58 1 874
1949 9 1 4 20 28 0 917
1949 9 1 19 5 46 1 661
1949 9 23 10 51 19 1 412
1949 10 3 12 38 2 1 685
1949 12 19 14 24 40 1 806
1950 3 8 19 11 36 1 660
1950 3 23 10 11 5 0 151
1950 5 5 12 31 13 1 419
1950 6 7 18 46 44 1 403
1950 6 11 20 50 20 0 600
1950 7 18 21 53 46 0 532
1950 9 1 4 8 9 0 861
1950 9 11 1 47 2 1 804
1951 4 1 7 14 30 1 489
1951 6 25 9 39 38 0 285
1951 8 3 0 39 10 0 108
1951 8 15 3 43 35 0 853
1951 9 17 22 38 31 0 209
1951 10 29 7 56 8 1 392
1951 12 16 11 12 31 0 955
1952 2 1 0 23 49 0 961
1952 2 13 20 12 13 1 134
1952 2 15 23 51 38 0 370
1952 3 7 8 23 14 1 462
1952 3 29 8 52 3 1 456
1952 4 8 22 24 54 0 735
1952 6 9 5 15 50 0 427
1952 6 17 17 14 32 0 533
1952 6 21 23 26 32 0 800
1952 8 2 18 37 35 1 467
1952 8 26 16 20 43 1 466
1952 8 29 12 47 56 0 294
1952 9 3 16 34 24 1 281
1952 10 27 17 16 16 1 536
1952 11 10 13 17 24 0 104
1952 11 25 6 58 32 0 122
1953 3 13 2 56 10 1 847
1953 6 23 17 3 25 1 518
1953 7 9 6 19 45 1 726
1953 8 14 3 3 45 1 177
1953 9 9 10 32 22 0 378
1953 9 12 20 19 48 0 609
1953 9 26 22 42 52 0 180
1953 12 9 13 10 44 0 581
1954 1 5 6 41 28 1 633
1954 1 28 14 46 41 1 651
1954 2 23 16 3 28 0 734
1954 4 23 16 38 0 1 359
1954 6 4 3 54 44 0 191
1954 8 12 14 56 45 0 218
1954 12 4 16 36 28 1 754
1954 12 15 2 13 32 1 971
1955 1 7 19 58 53 0 877
1955 1 11 23 32 36 0 661
1955 1 12 13 48 42 0 883
1955 1 28 14 49 34 1 749
1955 8 5 2 43 3 0 666
1955 10 11 12 31 13 1 877
1955 10 17 0 44 29 1 512
1955 11 23 14 35 42 0 731
1955 12 6 22 15 0 1 995
1955 12 11 9 47 1 1 281
1956 2 26 16 16 54 1 287
1956 3 13 16 7 13 0 682
1956 3 27 23 26 14 1 298
1956 4 6 0 6 46 0 193
1956 8 6 17 54 31 1 557
1956 8 7 6 52 48 0 224
1956 8 11 16 26 50 1 387
1956 8 13 6 32 12 0 803
1956 8 15 12 13 38 1 887
1956 9 3 5 31 12 0 873
1956 9 18 5 8 19 1 620
1956 10 2 18 10 1 1 369
1956 10 4 22 34 57 1 952
1956 12 28 23 20 45 0 428
1957 1 6 20 3 58 0 314
1957 2 10 1 25 12 1 307
1957 4 1 9 5 8 1 444
1957 4 8 17 2 20 1 779
1957 5 3 23 51 50 1 839
1957 5 5 6 39 3 0 780
1957 6 16 2 52 55 0 582
1957 7 18 5 57 31 0 507
1957 8 2 16 44 7 1 560
1957 9 23 6 4 47 1 914
1957 10 6 11 15 32 0 815
1957 10 20 13 2 26 1 107
1957 11 5 20 55 33 1 949
1957 11 16 19 25 0 0 639
1957 11 19 9 23 50 0 336
1957 12 2 20 36 57 0 278
1958 1 1 12 55 31 0 838
1958 2 1 20 7 27 1 250
1958 2 20 17 31 0 1 322
1958 3 4 19 58 52 0 606
1958 3 25 12 58 2 1 246
1958 6 11 16 50 4 1 801
1958 9 21 8 21 57 1 256
1958 11 27 21 10 2 0 847
1958 11 28 18 47 6 0 686
1958 11 29 18 52 8 0 466
1959 1 13 21 17 34 1 283
1959 1 18 16 51 58 0 815
1959 1 25 4 35 37 1 840
1959 3 26 1 7 4 0 464
1959 6 3 16 22 20 1 660
1959 8 14 17 40 48 1 160
1959 9 14 7 47 59 1 616
1959 9 25 21 16 50 1 304
1959 12 1 21 16 48 1 543
1959 12 17 3 13 15 1 253
1959 12 25 10 53 18 1 730
1959 12 27 4 54 6 1 385
1960 1 8 2 12 9 1 815
1960 2 23 21 19 51 0 641
1960 3 5 22 45 50 0 789
1960 5 6 21 6 19 1 573
1960 7 4 19 12 16 0 395
1960 7 6 16 47 9 0 601
1960 8 3 16 17 29 0 349
1960 8 27 1 57 4 1 544
1960 10 11 17 34 12 1 669
1960 10 22 23 32 11 0 103
1961 2 11 15 21 38 0 926
1961 2 17 4 4 52 1 939
1961 3 26 12 41 54 1 304
1961 4 21 18 48 21 0 886
1961 5 22 19 48 49 0 485
1961 5 27 9 53 38 1 870
1961 6 26 10 46 49 1 403
1961 7 18 1 33 33 0 992
1961 9 23 23 48 3 0 850
1961 11 2 13 41 35 0 898
1961 11 22 0 4 56 0 759
1962 1 8 14 20 15 0 609
1962 3 15 22 3 10 1 866
1962 6 2 2 34 57 1 574
1962 7 22 0 49 59 1 762
1962 8 28 6 11 33 0 520
1962 9 11 15 56 18 0 756
1962 9 13 22 10 14 0 409
1962 10 10 17 2 1 1 631
1962 10 21 18 1 13 0 346
1962 11 22 14 32 59 1 279
1963 1 6 20 57 22 1 393
1963 1 12 20 13 18 1 628
1963 2 21 4 59 4 0 291
1963 4 14 10 46 34 0 728
1963 7 23 13 6 39 1 908
1963 8 26 1 23 38 0 458
1964 1 17 12 51 42 1 314
1964 1 29 8 22 8 1 116
1964 3 13 0 1 20 1 650
1964 3 21 15 37 28 1 106
1964 3 25 8 24 41 1 462
1964 3 27 1 22 1 0 748
1964 9 2 23 34 53 0 184
1964 12 3 17 10 13 0 596
1965 1 23 0 20 17 0 756
1965 2 11 21 26 48 1 803
1965 2 16 22 18 49 1 441
1965 2 20 9 12 31 0 518
1965 4 7 9 27 24 0 900
1965 4 9 7 15 10 0 884
1965 6 17 9 47 32 0 917
1965 7 5 1 20 5 1 820
1965 11 10 5 34 5 0 892
1965 11 27 3 25 3 1 299
1965 12 29 18 52 5 0 841
1966 2 9 15 59 27 1 370
1966 2 10 3 25 32 0 420
1966 3 19 22 58 38 1 745
1966 6 6 21 38 31 1 238
1966 6 21 6 46 16 1 784
1966 6 24 5 44 1 1 571
1966 8 20 2 11 48 0 564
1966 9 12 14 57 47 0 530
1966 9 17 17 45 20 1 110
1966 10 5 14 1 34 0 506
1966 12 3 18 15 25 1 416
1967 1 10 5 22 40 1 373
1967 1 15 14 13 58 0 396
1967 5 21 11 12 37 0 310
1967 6 25 16 27 3 1 348
1967 8 21 0 53 25 1 128
1967 11 4 9 8 13 1 563
1967 11 6 13 40 2 1 754
1967 12 28 22 2 22 0 993
1968 1 4 18 19 19 0 636
1968 1 7 2 1 8 0 194
1968 1 26 20 46 32 1 360
1968 2 25 18 6 50 0 669
1968 3 28 17 3 25 1 499
1968 4 10 20 33 32 1 540
1968 6 16 3 27 17 0 690
1968 7 10 0 31 31 0 833
1968 8 14 11 20 25 1 615
1968 8 15 18 2 42 1 344
1968 9 17 3 32 35 0 206
1968 11 21 5 48 11 1 149
1968 12 5 1 57 6 1 390
1968 12 25 3 44 35 0 918
1969 1 5 10 51 36 1 478
1969 2 2 10 6 54 1 618
1969 2 12 12 36 24 0 328
1969 3 14 11 35 11 1 627
1969 3 14 11 58 11 0 131
1969 4 17 11 54 46 1 427
1969 6 11 23 25 54 1 854
1969 6 26 7 7 0 1 949
1969 6 27 5 43 9 1 108
1969 8 7 8 26 26 1 726
1969 9 2 16 28 0 0 227
1969 9 4 10 10 55 0 688
1969 9 7 12 56 59 0 100
1969 9 15 1 56 58 1 900
1969 10 5 19 32 39 1 189
1969 12 2 13 45 53 0 391
1969 12 3 2 42 3 1 105
1970 1 20 10 24 43 1 459
1970 2 24 20 33 0 1 811
1970 3 10 12 33 13 1 781
1970 4 17 7 46 37 1 574
1970 4 17 11 1 11 1 286
1970 5 12 18 23 4 0 648
1970 6 26 13 47 34 1 455
1970 7 6 20 15 15 1 964
1970 9 22 9 54 25 0 845
1970 9 27 7 19 0 0 347
1970 10 17 16 47 46 0 132
1970 11 4 15 7 31 0 969
1970 11 21 9 47 43 0 742
1970 12 29 10 38 25 1 564
1971 1 8 15 59 36 0 221
1971 3 7 1 14 50 1 916
1971 4 14 22 12 42 1 675
1971 4 18 22 28 47 0 270
1971 8 4 16 19 7 0 597
1971 8 9 14 51 24 1 575
1971 8 14 17 8 33 0 736
1971 10 8 18 45 53 0 147
1971 11 4 6 6 18 1 526
1971 11 26 6 49 47 1 973
1972 8 23 15 20 53 1 594
1972 10 2 6 32 15 0 161
1972 10 22 13 32 56 0 798
1973 4 17 1 13 55 1 372
1973 7 17 8 15 37 1 104
1973 11 2 10 32 32 1 956
1974 1 10 14 12 52 1 606
1974 2 20 0 49 59 1 750
1974 2 21 21 50 57 1 778
1974 6 2 23 46 1 1 198
1974 7 9 3 8 45 1 116
1974 7 21 19 15 35 0 318
1974 9 9 10 20 45 0 562
1974 11 14 0 11 17 1 160
1975 2 13 1 43 30 0 526
1975 2 27 18 7 26 0 495
1975 4 9 22 50 9 1 702
1975 4 23 15 7 6 0 270
1975 5 13 6 9 25 0 668
1975 9 24 11 36 40 1 607
1975 10 18 6 15 5 0 162
1975 10 20 21 16 53 0 896
1975 10 28 3 9 57 1 521
1975 11 20 14 21 10 1 714
1975 12 3 20 27 40 1 580
1976 1 24 9 52 2 1 476
1976 5 1 10 17 2 0 980
1976 5 22 6 21 20 1 866
1976 5 23 14 17 55 1 433
1976 6 4 18 54 17 0 435
1976 6 21 12 34 21 1 390
1976 11 28 13 54 45 1 745
1977 1 3 4 11 0 1 641
1977 2 13 5 46 47 1 345
1977 6 16 15 57 25 0 474
1977 6 26 13 6 57 0 449
1977 6 29 12 11 1 1 798
1977 7 17 5 32 36 1 957
1977 8 22 0 3 18 1 118
1977 9 14 20 33 35 0 739
1977 9 17 19 48 11 1 194
1977 10 10 5 58 20 1 849
1977 12 7 15 39 2 0 885
1977 12 22 7 3 45 1 819
1978 2 13 19 13 48 0 639
1978 2 14 15 31 48 0 266
1978 2 15 17 0 48 1 389
1978 4 2 13 59 15 0 320
1978 4 20 4 46 37 1 435
1978 4 20 10 28 6 1 101
1978 6 7 1 40 5 0 735
1978 7 6 8 46 49 1 880
1978 8 1 6 47 29 0 112
1978 10 6 9 22 11 1 513
1978 10 13 15 34 8 0 851
1978 10 18 16 9 35 1 135
1978 12 24 21 11 35 1 532
1979 2 12 23 23 17 1 468
1979 2 21 1 54 16 1 709
1979 3 29 14 33 44 0 267
1979 5 4 0 21 50 1 522
1979 5 5 5 24 7 0 415
1979 8 15 9 23 21 0 768
1979 9 12 11 32 7 1 457
1979 10 17 2 41 3 1 833
1979 12 3 8 57 53 1 131
1979 12 8 22 23 13 1 366
1980 2 2 10 51 55 0 647
1980 2 22 3 43 39 0 152
1980 2 23 22 8 30 1 670
1980 3 6 6 56 46 1 681
1980 3 13 0 36 37 0 192
1980 3 27 7 23 36 1 337
1980 6 13 19 18 14 1 380
1980 6 16 8 35 27 1 986
1980 6 18 11 35 58 0 970
1980 7 14 18 28 20 0 108
1980 7 18 8 15 53 1 361
1980 9 19 8 26 19 1 324
1980 9 25 6 21 55 1 609
1980 12 3 1 19 5 1 962
1980 12 13 2 54 38 0 854
1981 2 25 6 0 1 1 994
1981 5 9 1 28 44 0 136
1981 9 19 4 28 6 1 507
1981 10 21 17 50 14 1 152
1981 11 14 2 3 56 0 741
1981 11 26 13 56 45 1 102
1981 12 5 15 12 41 0 544
1981 12 11 6 5 31 0 273
1981 12 22 23 57 14 1 969
1982 4 14 8 32 34 0 482
1982 5 2 23 56 56 0 105
1982 5 20 22 4 27 1 223
1982 7 2 7 49 56 1 622
1982 8 20 5 51 37 0 644
1982 8 29 23 42 37 0 485
1982 9 16 20 55 54 0 803
1982 10 17 17 10 21 1 177
1982 10 29 16 3 42 0 709
1982 12 2 16 31 15 1 481
1983 1 15 6 0 30 1 608
1983 5 25 5 55 17 1 597
1983 6 5 20 32 53 0 794
1983 7 22 3 39 10 0 343
1983 9 9 17 41 24 1 316
1983 12 3 18 13 46 0 656
1984 2 10 7 35 22 1 738
1984 3 7 19 58 21 1 346
1984 4 2 18 52 21 0 805
1984 4 8 14 37 2 1 425
1984 4 24 16 26 13 0 456
1984 7 8 16 37 34 1 329
1984 7 10 1 14 27 0 223
1984 10 20 2 29 49 1 958
1984 12 4 21 19 56 0 580
1985 1 7 13 47 19 0 102
1985 1 8 11 44 16 0 435
1985 1 10 3 2 48 0 783
1985 1 15 14 3 3 1 255
1985 3 25 20 14 4 1 264
1985 4 6 5 19 49 0 890
1985 4 20 2 48 45 1 830
1985 4 25 4 41 10 1 583
1985 7 17 7 22 35 1 226
1985 7 29 11 30 42 1 612
1985 9 6 18 31 18 1 350
1985 11 10 1 29 40 0 764
1985 12 1 9 43 9 0 450
1985 12 6 3 49 57 1 209
1986 2 28 15 54 0 0 595
1986 3 3 17 3 25 0 889
1986 3 27 17 26 57 0 311
1986 4 2 19 51 19 0 267
1986 5 9 19 13 34 0 389
1986 5 10 9 53 1 0 151
1986 5 17 8 22 48 1 157
1986 6 12 16 39 45 1 893
1986 6 16 11 25 32 0 613
1986 6 25 1 50 28 0 954
1986 7 4 15 36 44 1 139
1986 9 27 18 12 14 1 780
1986 11 10 20 24 23 1 695
1986 12 27 6 44 4 0 122
1987 2 28 4 52 8 1 311
1987 4 21 4 56 22 0 574
1987 6 15 5 48 5 0 512
1987 6 27 4 31 15 0 704
1987 7 21 19 42 53 1 423
1987 7 26 20 49 55 1 808
1987 8 23 15 2 25 1 983
1987 9 27 23 52 24 0 820
1987 11 20 0 31 9 1 189
1987 11 23 22 28 44 0 154
1987 12 10 11 17 48 0 767
1987 12 13 3 37 39 1 240
1988 3 1 7 55 19 0 874
1988 3 10 9 37 31 0 989
1988 4 12 15 47 5 0 681
1988 5 10 10 17 57 1 159
1988 8 24 16 10 10 1 909
1988 8 29 7 46 17 1 974
1988 9 7 2 45 3 0 242
1988 10 15 15 49 23 1 448
1988 10 17 9 45 51 0 792
1988 11 5 1 26 8 0 477
1988 12 12 0 1 6 0 826
1988 12 25 18 38 36 0 941
1989 2 7 17 30 16 1 224
1989 3 22 22 16 29 0 804
1989 5 9 12 34 25 0 381
1989 6 4 0 22 58 0 906
1989 6 11 13 1 43 1 168
1989 6 20 4 33 15 1 132
1989 6 25 20 0 53 0 415
1989 7 4 21 56 42 0 679
1989 7 15 4 12 46 1 621
1989 7 23 18 30 6 1 238
1989 10 15 19 36 1 0 549
1989 11 15 13 57 16 1 676
1989 11 25 20 20 40 0 379
1990 1 8 21 33 31 0 410
1990 1 28 2 31 45 1 291
1990 4 6 16 27 38 1 584
1990 6 16 8 49 47 0 122
1990 6 19 8 13 42 0 934
1990 9 13 19 16 31 0 858
1990 10 3 19 54 4 0 708
1990 10 14 3 51 44 0 680
1991 3 5 20 14 8 1 155
1991 3 27 23 30 59 1 644
1991 4 10 1 39 10 0 702
1991 5 22 15 48 58 1 416
1991 5 25 15 58 56 0 266
1991 6 28 10 50 57 0 732
1991 8 9 2 28 24 1 261
1991 9 15 11 25 30 0 296
1991 10 12 18 39 47 0 611
1991 12 10 9 36 26 0 392
1991 12 27 22 56 13 1 329
1992 1 7 3 14 20 1 124
1992 1 21 7 8 44 1 451
1992 2 29 6 4 23 0 200
1992 3 10 9 49 40 0 243
1992 4 15 9 43 2 1 408
1992 4 15 22 2 15 0 751
1992 5 4 0 28 18 1 178
1992 10 20 20 15 59 1 969
1992 11 1 22 40 44 0 492
1993 1 3 19 12 16 1 978
1993 2 4 22 32 10 0 410
1993 2 24 5 32 8 1 705
1993 3 7 10 53 39 1 202
1993 3 8 9 53 27 0 618
1993 8 13 17 46 11 1 618
1993 11 12 9 5 42 1 556
1993 11 17 22 0 41 1 883
1993 11 28 14 12 20 0 326
1993 11 28 21 43 9 0 651
1993 12 12 4 8 42 1 609
1994 1 7 9 43 58 1 347
1994 1 18 2 16 16 0 286
1994 2 6 21 11 34 1 890
1994 2 21 7 17 9 1 918
1994 3 10 1 7 18 1 319
1994 7 20 22 21 21 0 169
1994 11 3 23 47 4 1 235
1994 12 5 8 47 57 1 993
1994 12 27 13 52 24 1 219
1995 2 2 18 26 21 1 638
1995 2 19 20 19 18 0 123
1995 3 2 19 43 25 1 663
1995 4 5 14 25 9 0 153
1995 5 10 15 45 2 0 167
1995 5 19 22 27 46 0 384
1995 6 6 2 20 56 0 356
1995 6 20 22 46 4 0 815
1995 9 18 4 48 3 1 689
1995 12 12 13 48 47 0 537
1995 12 26 18 59 11 1 324
1995 12 29 14 9 5 1 897
1996 2 21 10 9 32 0 193
1996 3 1 18 37 38 1 414
1996 3 26 11 20 9 1 256
1996 5 8 4 55 49 1 937
1996 8 3 23 58 48 0 796
1996 8 14 18 10 59 0 616
1996 9 6 21 37 16 0 333
1996 9 17 8 16 54 1 405
1996 9 22 3 58 57 1 366
1996 10 3 5 39 5 1 416
1996 10 28 2 5 33 1 258
1996 11 2 5 52 59 1 111
1996 11 26 3 16 45 1 346
1997 1 14 5 23 44 0 470
1997 3 6 1 26 20 1 289
1997 3 18 22 38 30 0 546
1997 4 23 13 3 51 0 347
1997 5 3 0 55 2 0 682
1997 5 9 4 59 20 0 815
1997 5 17 18 19 53 1 228
1997 5 19 22 33 11 0 944
1997 7 10 19 49 18 1 289
1997 10 11 5 49 32 1 623
1997 11 8 9 53 6 0 372
1997 11 26 13 20 53 1 417
1997 12 25 22 17 7 0 455
1998 2 4 14 55 51 1 562
1998 3 15 0 49 42 0 362
1998 4 17 16 11 7 0 542
1998 4 20 15 6 28 0 456
1998 5 2 11 20 34 1 604
1998 7 22 11 0 58 0 509
1998 8 17 0 23 57 0 168
1998 9 4 7 47 22 0 311
1998 9 15 4 46 48 0 819
1998 9 17 8 40 54 0 970
1998 10 1 3 16 9 0 215
1998 11 8 23 9 54 0 567
1999 1 9 11 2 20 1 517
1999 2 9 21 34 22 1 143
1999 2 10 14 31 15 1 200
1999 3 5 2 39 45 1 597
1999 4 2 23 19 41 1 677
1999 4 4 22 35 13 1 552
1999 5 13 19 35 26 0 366
1999 5 28 16 18 13 1 293
1999 6 5 20 57 39 1 527
1999 7 15 22 35 13 0 264
1999 9 16 2 30 14 0 132
1999 11 2 13 2 34 1 141
1999 12 5 19 30 0 1 757
2000 1 10 1 58 12 0 102
2000 2 1 18 9 0 0 394
2000 2 21 15 14 11 0 920
2000 4 3 17 29 31 1 143
2000 4 16 12 6 6 1 232
2000 4 27 23 14 4 0 346
2000 6 5 21 41 44 0 625
2000 7 2 14 38 54 1 878
2000 7 28 4 43 48 1 952
2000 8 5 23 7 47 0 540
2000 9 9 22 3 17 0 468
2000 9 20 17 26 38 0 198
2000 10 11 14 58 14 1 200
2000 11 28 19 36 44 1 632
2001 4 18 17 16 44 1 712
2001 6 22 22 23 54 1 276
2001 7 6 3 5 6 0 552
2001 10 17 21 30 8 1 972
2002 1 21 15 18 14 1 641
2002 2 12 4 54 40 0 676
2002 3 2 13 9 9 0 707
2002 5 25 11 16 33 0 473
2002 6 7 9 40 7 0 969
2002 7 19 7 30 51 1 236
2002 7 21 15 44 0 1 560
2002 9 12 20 51 38 0 433
2002 11 4 3 8 22 1 384
2002 11 5 5 24 47 0 751
2002 11 11 19 46 39 0 425
2002 11 29 10 48 9 1 955
2003 2 3 17 45 18 1 146
2003 3 11 4 34 8 0 813
2003 3 28 0 37 48 1 410
2003 4 13 19 34 25 0 667
2003 4 21 19 24 49 0 578
2003 7 25 1 27 6 0 530
2003 8 2 9 53 35 1 249
2003 8 9 2 53 55 0 473
2003 8 19 19 18 13 1 834
2003 9 3 19 24 31 0 107
2004 3 25 17 32 56 1 775
2004 3 27 1 37 35 0 868
2004 7 22 2 0 45 1 403
2004 8 6 20 35 35 0 643
2004 8 21 1 6 41 0 178
2004 9 11 9 16 17 1 632
2004 11 22 7 58 0 1 319
2004 12 4 21 4 2 0 241
2005 1 26 3 10 31 0 593
2005 3 19 23 2 42 1 660
2005 6 26 4 40 40 1 647
2005 7 21 8 49 0 0 673
2005 8 29 7 58 32 1 845
2006 1 1 19 45 59 1 820
2006 5 7 10 14 35 1 790
2006 5 9 19 31 36 0 856
2006 5 27 11 22 44 1 467
2006 5 28 23 37 39 0 192
2006 6 11 20 54 12 0 561
2006 10 26 7 39 57 1 377
2006 12 11 1 0 30 1 630
2007 2 29 8 13 34 0 508
2007 6 27 16 25 14 0 462
2007 7 26 21 17 0 1 958
2007 9 25 1 37 6 0 880
2007 11 27 7 27 14 0 888
2007 12 2 4 0 17 1 325
2007 12 9 5 7 34 1 151
2007 12 10 4 21 23 0 124
2008 1 2 18 26 53 0 710
2008 2 25 13 34 32 1 998
2008 3 1 0 55 24 0 639
2008 3 20 16 45 34 0 565
2008 4 4 2 46 48 1 195
2008 4 8 13 46 44 1 538
2008 8 12 3 52 11 0 335
2008 8 24 7 32 11 1 312
2008 8 25 9 57 25 0 221
2008 10 2 12 56 1 1 770
2008 10 12 11 30 50 0 491
2009 1 14 20 29 21 0 538
2009 3 1 21 31 4 0 278
2009 5 13 3 7 49 1 742
2009 5 13 17 33 7 1 781
2009 5 14 8 16 4 1 258
2009 6 15 15 38 37 0 350
2009 9 18 18 29 32 0 636
2009 10 14 20 28 58 0 515
2009 10 17 4 56 44 1 270
2009 11 29 22 18 43 1 193
2010 3 10 2 7 15 1 893
2010 3 10 10 3 58 1 148
2010 4 1 19 38 20 0 300
2010 4 19 21 48 52 0 242
2010 5 1 18 49 8 0 270
2010 5 25 10 48 30 0 974
2010 6 14 5 11 29 1 156
2010 7 12 20 54 20 1 818
2010 9 7 11 40 19 1 421
2010 9 29 22 17 40 0 188
2010 10 11 18 21 13 0 867
2010 11 5 17 10 22 0 218
2010 12 1 23 28 31 0 380
2011 2 3 0 48 6 1 676
2011 4 22 6 34 25 1 847
2011 6 6 23 21 34 0 363
2011 6 28 10 4 24 1 926
2011 9 18 0 4 56 0 189
2011 9 23 2 58 17 1 489
2011 10 2 20 10 3 0 682
2011 11 7 8 17 29 0 392
2011 12 17 5 12 21 1 901
2012 3 11 22 41 11 1 467
2012 3 14 18 50 14 1 261
2012 4 8 16 25 4 1 882
2012 5 6 19 13 25 0 698
2012 6 27 20 43 4 1 338
2012 8 17 8 56 0 1 892
2012 8 17 9 16 30 1 485
2012 11 20 10 48 54 0 184
2013 5 28 21 46 52 1 295
2013 6 3 16 45 1 1 949
2013 8 2 14 15 48 1 531
2014 1 25 10 37 24 0 950
2014 3 12 2 20 19 1 467
2014 3 21 2 14 29 1 592
2014 4 14 4 53 8 1 451
2014 4 20 18 36 43 0 249
2014 4 26 17 1 55 0 795
2014 5 24 13 1 49 1 597
2014 7 8 1 31 47 1 506
2014 8 1 13 16 35 0 303
2014 9 2 13 30 31 1 510
2014 9 26 19 40 2 0 656
2014 11 4 5 3 41 0 850
2014 11 9 0 4 4 1 661
2015 1 3 22 55 10 1 361
2015 1 28 15 51 12 1 289
2015 2 12 0 1 44 1 247
2015 2 22 7 57 44 0 334
2015 4 9 18 22 20 1 846
2015 5 1 4 26 8 1 302
2015 5 3 4 18 39 1 790
2015 5 9 22 29 53 1 278
2015 5 16 2 18 0 1 404
2015 6 14 20 58 16 0 577
2015 7 6 21 30 29 1 690
2015 9 8 10 30 9 0 396
2015 10 10 16 53 14 1 137
2015 12 28 21 28 56 0 417
2016 1 9 23 17 31 0 450
2016 1 29 15 19 47 1 954
2016 3 20 7 6 50 0 146
2016 3 28 11 57 9 0 232
2016 4 14 17 25 7 0 489
2016 5 26 11 10 59 1 154
2016 5 27 8 0 51 1 980
2016 6 11 16 5 28 1 716
2016 6 25 1 38 30 1 295
2016 7 1 0 3 7 1 206
2016 7 26 16 4 47 0 284
2016 7 29 6 38 28 0 537
2016 10 13 21 44 11 0 835
2016 10 25 9 40 51 0 639
2017 2 10 1 0 18 0 404
2017 5 8 8 49 21 1 773
2017 5 27 23 25 12 0 465
2017 6 2 23 44 18 0 545
2017 7 11 19 14 4 0 941
2017 9 20 12 10 11 1 696
2017 9 21 1 8 18 0 299
2017 10 6 14 29 5 1 988
2018 2 10 16 23 5 0 211
2018 4 12 9 1 11 0 597
2018 6 11 2 19 36 1 297
2018 6 12 10 53 31 1 827
2018 10 2 20 5 0 0 901
2018 12 5 13 2 52 1 470
2018 12 29 2 36 15 0 212
2019 1 20 23 48 6 0 884
2019 2 13 12 46 57 1 120
2019 3 10 17 40 10 0 473
2019 4 22 13 19 35 1 270
2019 9 9 11 12 28 0 323
2020 3 1 17 6 1 1 898
2020 3 2 23 54 26 1 768
2020 3 3 14 46 22 1 212
2020 3 6 5 56 37 0 599
2020 3 6 8 2 28 0 867
2020 3 7 1 50 38 1 127
2020 3 8 16 18 45 1 293
2020 3 10 6 19 35 1 451
2020 3 11 17 13 22 0 136
2020 3 11 20 48 32 1 441
2020 3 13 6 43 22 0 160
2020 3 14 13 17 4 0 164
2020 3 15 3 35 48 1 585
2020 3 15 9 8 50 1 752
2020 3 15 10 24 51 1 410
2020 3 16 11 42 47 0 581
2020 3 18 1 46 47 0 406
2020 3 18 18 28 46 1 933
2020 3 19 22 0 11 0 391
2020 3 21 14 48 13 0 686
2020 3 21 18 5 18 1 654
2020 3 23 18 35 56 0 536
2020 3 24 0 41 52 0 452
2020 3 25 6 35 56 0 184
2020 3 25 19 37 56 1 951
2020 3 26 3 6 26 1 148
2020 3 26 18 11 49 1 945
2020 3 27 5 12 9 1 833
2020 3 27 13 46 4 0 869
2020 3 27 21 41 19 1 766
2020 3 27 22 45 10 0 897
2020 3 28 15 35 13 1 773
2020 3 29 15 46 7 0 593
2020 3 30 6 38 59 0 851
2020 4 2 0 0 7 0 544
2020 4 2 3 42 52 1 931
2020 4 2 5 49 13 1 266
2020 4 2 14 31 53 1 988
2020 4 3 1 53 26 1 393
2020 4 4 4 41 0 1 311
2020 4 4 6 50 57 1 185
2020 4 4 9 53 58 1 532
2020 4 5 6 40 13 0 703
2020 4 6 12 1 48 0 795
2020 4 6 14 32 39 0 870
2020 4 6 16 14 55 0 376
2020 4 6 21 44 54 0 321
2020 4 7 10 1 44 0 597
2020 4 8 15 59 58 0 809
2020 4 12 9 0 24 0 100
2020 4 12 16 6 42 0 511
2020 4 14 13 1 8 1 933
2020 4 17 1 59 26 0 953
2020 4 17 13 18 4 1 140
2020 4 18 10 8 25 1 963
2020 4 19 20 46 7 1 593
2020 4 20 15 51 8 0 205
2020 4 21 11 38 54 0 609
2020 4 21 14 29 59 0 117
2020 4 22 5 39 15 0 577
2020 4 22 17 40 26 1 919
2020 4 22 18 34 41 1 544
2020 4 23 17 30 31 0 805
2020 4 24 11 1 5 0 884
2020 4 28 2 31 34 1 901
2020 4 28 19 14 46 1 516
2020 4 29 22 34 50 0 229
2020 5 1 2 31 48 0 566
2020 5 1 15 56 0 1 611
2020 5 2 3 50 43 0 703
2020 5 2 7 37 28 1 102
2020 5 2 20 43 18 1 602
2020 5 3 12 8 42 0 104
2020 5 3 17 39 9 0 710
2020 5 4 6 42 41 0 742
2020 5 4 11 51 32 0 838
2020 5 5 10 31 13 1 537
2020 5 5 16 30 9 0 124
2020 5 5 21 56 55 0 508
2020 5 9 16 48 53 0 940
2020 5 10 2 59 7 1 220
2020 5 10 3 27 49 1 997
2020 5 10 10 39 14 0 572
2020 5 11 16 54 26 1 786
2020 5 12 14 42 57 0 695
2020 5 13 4 42 6 1 332
2020 5 13 18 50 54 1 344
2020 5 14 2 13 48 0 991
2020 5 14 13 40 35 1 728
2020 5 17 12 12 51 0 163
2020 5 18 9 44 20 1 865
2020 5 20 8 39 55 0 984
2020 5 26 1 53 58 1 699
2020 5 26 6 27 23 0 902
2020 5 26 12 45 37 0 534
2020 5 27 2 25 28 0 225
2020 5 27 6 26 38 1 836
2020 5 29 8 20 11 0 514
2020 5 30 6 51 54 0 635
2020 5 30 16 51 40 1 147
2020 9 1 12 0 0 0 153
2020 12 21 23 54 26 1 768
